====Table of constants====
WS radius :16.2177GeV^-1, 3.2002fm
HO omega: 0.013921GeV
HO length: 8.74683GeV^-1, 1.72599fm
==========================

-31.0592 -0.439291 -0.127576 1.04149 0.599204 0.156476 -0.0507301 -0.0985467 -0.0787693 -0.044497 -0.0171827 -0.00135259 0.00517839 0.00606255 0.00433877 0.00194369 -0.00013713 -0.00155329 -0.00230428 -0.00254005 -0.00244363 -0.00217395 -0.00184596 -0.0015308 -0.00126452 -0.00105896 -0.000911346 -0.000811721 -0.000747818 -0.000707988 
-0.439291 -2.73279 2.37014 -3.36405 0.363817 1.02935 0.711913 0.296005 0.0295774 -0.0844856 -0.104118 -0.0817139 -0.0494247 -0.0222142 -0.00446651 0.00458757 0.00749374 0.00685644 0.00466838 0.00219503 9.78605e-05 -0.00137799 -0.00223228 -0.00258215 -0.00258023 -0.00236914 -0.00206149 -0.00173523 -0.00143731 -0.00119058 
-0.127576 2.37014 18.1842 9.5723 -5.27322 -0.926913 0.677986 0.881385 0.600207 0.274082 0.0493693 -0.0628021 -0.0957359 -0.0861699 -0.0607037 -0.0345154 -0.014241 -0.00136871 0.00512796 0.00712414 0.00645764 0.00456007 0.00238209 0.000458348 -0.000980566 -0.0018977 -0.00236111 -0.00248178 -0.00237523 -0.0021412 
1.04149 -3.36405 9.5723 35.5352 17.2914 -6.22127 -1.98067 0.119173 0.78195 0.742981 0.476817 0.214761 0.0353418 -0.0579437 -0.0886147 -0.0832784 -0.0624702 -0.0389847 -0.0192514 -0.00545215 0.00260889 0.00617586 0.00673356 0.00559384 0.00373854 0.00180764 0.000155784 -0.00106968 -0.00185448 -0.0022577 
0.599204 0.363817 -5.27322 17.2914 51.5638 25.0306 -6.67066 -2.76068 -0.450568 0.545042 0.752675 0.604116 0.362208 0.151728 0.0119807 -0.0602664 -0.0837115 -0.0784409 -0.0602037 -0.0392087 -0.0209297 -0.00750951 0.000909676 0.00517655 0.00646828 0.00591518 0.00442779 0.00265033 0.000982473 -0.000369501 
0.156476 1.02935 -0.926913 -6.22127 25.0306 66.9488 32.6845 -6.86312 -3.32537 -0.964186 0.252589 0.673687 0.660493 0.473648 0.263003 0.0956725 -0.0110718 -0.0643827 -0.0798497 -0.0730779 -0.0562165 -0.0372545 -0.0206033 -0.00809397 5.39547e-05 0.00446862 0.00610241 0.00591698 0.00472357 0.00312609 
-0.0507301 0.711913 0.677986 -1.98067 -6.67066 32.6845 81.9621 40.245 -6.91677 -3.73176 -1.40525 -0.0515586 0.541127 0.660231 0.546098 0.357557 0.180396 0.0493906 -0.0303767 -0.0678111 -0.0760716 -0.0674764 -0.0514478 -0.03418 -0.0191212 -0.00772153 -0.000159128 0.00407905 0.00578807 0.00578995 
-0.0985467 0.296005 0.881385 0.119173 -2.76068 -6.86312 40.245 96.7388 47.7245 -6.89298 -4.0237 -1.77614 -0.345483 0.379287 0.618138 0.583032 0.430978 0.258452 0.113687 0.0130319 -0.0449602 -0.0695731 -0.0718905 -0.0617041 -0.0463386 -0.0305631 -0.0170137 -0.00677659 5.58601e-05 0.00393878 
-0.0787693 0.0295774 0.600207 0.78195 -0.450568 -3.32537 -6.91677 47.7245 111.354 55.1369 -6.82549 -4.23273 -2.08515 -0.619071 0.204125 0.546755 0.590122 0.482802 0.325741 0.176626 0.0613258 -0.0142904 -0.0549284 -0.0694648 -0.0671662 -0.055827 -0.0411374 -0.0267416 -0.0146141 -0.00552525 
-0.044497 -0.0844856 0.274082 0.742981 0.545042 -0.964186 -3.73176 -6.89298 55.1369 125.854 62.4943 -6.73357 -4.3812 -2.3416 -0.86846 0.0257894 0.455873 0.573296 0.514542 0.380517 0.234863 0.110988 0.0214041 -0.0338433 -0.0608393 -0.0676488 -0.0619498 -0.0499335 -0.0360051 -0.0229234 
-0.0171827 -0.104118 0.0493693 0.476817 0.752675 0.252589 -1.40525 -4.0237 -6.82549 62.4943 140.266 69.8062 -6.6285 -4.48495 -2.55416 -1.09304 -0.14946 0.352834 0.537939 0.528566 0.422484 0.286438 0.159454 0.0597515 -0.00804807 -0.0469652 -0.0634 -0.0644378 -0.0563801 -0.0441226 
-0.00135259 -0.0817139 -0.0628021 0.214761 0.604116 0.673687 -0.0515586 -1.77614 -4.23273 -6.73357 69.8062 154.612 77.0805 -6.51709 -4.55535 -2.73028 -1.29381 -0.317915 0.243006 0.488634 0.527485 0.452187 0.330372 0.204957 0.0988552 0.0208737 -0.0288996 -0.0549204 -0.0633232 -0.0601833 
0.00517839 -0.0494247 -0.0957359 0.0353418 0.362208 0.660493 0.541127 -0.345483 -2.08515 -4.3812 -6.6285 77.0805 168.905 84.3231 -6.40347 -4.60061 -2.8762 -1.47254 -0.477519 0.130246 0.429143 0.513837 0.470621 0.366346 0.246358 0.137266 0.0515581 -0.00768261 -0.0428358 -0.0588362 
0.00606255 -0.0222142 -0.0861699 -0.0579437 0.151728 0.473648 0.660231 0.379287 -0.619071 -2.3416 -4.48495 -6.51709 84.3231 183.155 91.5389 -6.29016 -4.62681 -2.99707 -1.63125 -0.627277 0.0172811 0.362488 0.489942 0.478981 0.394477 0.282995 0.173921 0.0828787 0.015729 -0.0278125 
0.00433877 -0.00446651 -0.0607037 -0.0886147 0.0119807 0.263003 0.546098 0.618138 0.204125 -0.86846 -2.55416 -4.55535 -6.40347 91.5389 197.369 98.7318 -6.17873 -4.63843 -3.0971 -1.77201 -0.766864 -0.0939949 0.291058 0.457839 0.478516 0.415147 0.314552 0.208077 0.113937 0.0404935 
0.00194369 0.00458757 -0.0345154 -0.0832784 -0.0602664 0.0956725 0.357557 0.583032 0.546755 0.0257894 -1.09304 -2.73028 -4.60061 -6.29016 98.7318 211.555 105.905 -6.07009 -4.63886 -3.17974 -1.89675 -0.896372 -0.202299 0.216722 0.419283 0.47044 0.428893 0.340959 0.239245 0.144037 
-0.00013713 0.00749374 -0.014241 -0.0624702 -0.0837115 -0.0110718 0.180396 0.430978 0.590122 0.455873 -0.14946 -1.29381 -2.8762 -4.62681 -6.17873 105.905 225.716 113.061 -5.96477 -4.63065 -3.24782 -2.00727 -1.01614 -0.306791 0.140926 0.375759 0.455889 0.436328 0.362318 0.267134 
-0.00155329 0.00685644 -0.00136871 -0.0389847 -0.0784409 -0.0643827 0.0493906 0.258452 0.482802 0.573296 0.352834 -0.317915 -1.47254 -2.99707 -4.63843 -6.07009 113.061 239.855 120.202 -5.86305 -4.61579 -3.30367 -2.10519 -1.12666 -0.406952 0.06478 0.328511 0.435893 0.438092 0.378842 
-0.00230428 0.00466838 0.00512796 -0.0192514 -0.0602037 -0.0798497 -0.0303767 0.113687 0.325741 0.514542 0.537939 0.243006 -0.477519 -1.63125 -3.0971 -4.63886 -5.96477 120.202 253.977 127.33 -5.76503 -4.59579 -3.34918 -2.19195 -1.22849 -0.502495 -0.0108757 0.278569 0.411375 0.434815 
-0.00254005 0.00219503 0.00712414 -0.00545215 -0.0392087 -0.0730779 -0.0678111 0.0130319 0.176626 0.380517 0.528566 0.488634 0.130246 -0.627277 -1.77201 -3.17974 -4.63065 -5.86305 127.33 268.082 134.446 -5.67072 -4.57182 -3.38596 -2.26883 -1.32222 -0.593295 -0.0854105 0.226783 0.383146 
-0.00244363 9.78605e-05 0.00645764 0.00260889 -0.0209297 -0.0562165 -0.0760716 -0.0449602 0.0613258 0.234863 0.422484 0.527485 0.429143 0.0172811 -0.766864 -1.89675 -3.24782 -4.61579 -5.76503 134.446 282.174 141.552 -5.58004 -4.54482 -3.41531 -2.33694 -1.40844 -0.679343 -0.15836 0.173849 
-0.00217395 -0.00137799 0.00456007 0.00617586 -0.00750951 -0.0372545 -0.0674764 -0.0695731 -0.0142904 0.110988 0.286438 0.452187 0.513837 0.362488 -0.0939949 -0.896372 -2.00727 -3.30367 -4.59579 -5.67072 141.552 296.254 148.649 -5.4929 -4.51552 -3.43835 -2.39728 -1.4877 -0.760713 -0.229391 
-0.00184596 -0.00223228 0.00238209 0.00673356 0.000909676 -0.0206033 -0.0514478 -0.0718905 -0.0549284 0.0214041 0.159454 0.330372 0.470621 0.489942 0.291058 -0.202299 -1.01614 -2.10519 -3.34918 -4.57182 -5.58004 148.649 310.323 155.737 -5.40916 -4.4845 -3.45598 -2.45072 -1.56057 -0.837533 
-0.0015308 -0.00258215 0.000458348 0.00559384 0.00517655 -0.00809397 -0.03418 -0.0617041 -0.0694648 -0.0338433 0.0597515 0.204957 0.366346 0.478981 0.457839 0.216722 -0.306791 -1.12666 -2.19195 -3.38596 -4.54482 -5.4929 155.737 324.382 162.818 -5.32867 -4.45222 -3.46899 -2.49801 -1.62755 
-0.00126452 -0.00258023 -0.000980566 0.00373854 0.00646828 5.39547e-05 -0.0191212 -0.0463386 -0.0671662 -0.0608393 -0.00804807 0.0988552 0.246358 0.394477 0.478516 0.419283 0.140926 -0.406952 -1.22849 -2.26883 -3.41531 -4.51552 -5.40916 162.818 338.433 169.892 -5.2513 -4.41903 -3.47804 -2.53982 
-0.00105896 -0.00236914 -0.0018977 0.00180764 0.00591518 0.00446862 -0.00772153 -0.0305631 -0.055827 -0.0676488 -0.0469652 0.0208737 0.137266 0.282995 0.415147 0.47044 0.375759 0.06478 -0.502495 -1.32222 -2.33694 -3.43835 -4.4845 -5.32867 169.892 352.475 176.96 -5.17688 -4.38525 -3.48368 
-0.000911346 -0.00206149 -0.00236111 0.000155784 0.00442779 0.00610241 -0.000159128 -0.0170137 -0.0411374 -0.0619498 -0.0634 -0.0288996 0.0515581 0.173921 0.314552 0.428893 0.455889 0.328511 -0.0108757 -0.593295 -1.40844 -2.39728 -3.45598 -4.45222 -5.2513 176.96 366.511 184.022 -5.10527 -4.3511 
-0.000811721 -0.00173523 -0.00248178 -0.00106968 0.00265033 0.00591698 0.00407905 -0.00677659 -0.0267416 -0.0499335 -0.0644378 -0.0549204 -0.00768261 0.0828787 0.208077 0.340959 0.436328 0.435893 0.278569 -0.0854105 -0.679343 -1.4877 -2.45072 -3.46899 -4.41903 -5.17688 184.022 380.541 191.079 -5.03633 
-0.000747818 -0.00143731 -0.00237523 -0.00185448 0.000982473 0.00472357 0.00578807 5.58601e-05 -0.0146141 -0.0360051 -0.0563801 -0.0633232 -0.0428358 0.015729 0.113937 0.239245 0.362318 0.438092 0.411375 0.226783 -0.15836 -0.760713 -1.56057 -2.49801 -3.47804 -4.38525 -5.10527 191.079 394.565 198.131 
-0.000707988 -0.00119058 -0.0021412 -0.0022577 -0.000369501 0.00312609 0.00578995 0.00393878 -0.00552525 -0.0229234 -0.0441226 -0.0601833 -0.0588362 -0.0278125 0.0404935 0.144037 0.267134 0.378842 0.434815 0.383146 0.173849 -0.229391 -0.837533 -1.62755 -2.53982 -3.48368 -4.3511 -5.03633 198.131 408.583 
Eigenvalues
 -0.0310836
-0.00397255
 0.00102112
  0.0038416
 0.00815616
   0.013818
  0.0207697
  0.0289966
  0.0385048
  0.0493092
  0.0614316
  0.0748997
  0.0897514
   0.106034
   0.123807
    0.14314
   0.164117
   0.186838
   0.211424
   0.238013
   0.266801
   0.297964
   0.331846
   0.368743
   0.409118
   0.453902
   0.503379
   0.560255
   0.627395
   0.703862
Eigenvectors
   -0.999781   0.00901855   0.00420935   0.00726218    0.0082392  -0.00645532  -0.00242279    0.0022291  -0.00575934    0.0072219  -0.00670341    0.0049638  -0.00290822    0.0011917 -9.58385e-05   0.00040712 -0.000497738  0.000382932 -0.000215585  8.08854e-05 -3.21876e-06  2.40171e-05 -2.25384e-05  9.82196e-06 -9.17781e-07  6.88986e-06 -6.99302e-06  5.63447e-06 -2.79104e-06  2.39971e-06
  -0.0134515    -0.940297    -0.154021      -0.2044    -0.179308     0.117021    0.0489752  -0.00184969     0.026192   -0.0279122    0.0175293  -0.00517853  -0.00330449   0.00660988  -0.00615406  -0.00404325   0.00186925 -0.000373496 -0.000344717  0.000507185  -0.00039019    -0.000206  6.15458e-05  1.14815e-05  2.97843e-05  -1.8788e-05  3.86397e-06  6.29225e-06 -6.87563e-06  5.32522e-06
 -0.00443276     0.212642   -0.0877192    -0.227263    -0.385217     0.493519     0.501458     0.408737    -0.261775     0.120221   -0.0236746   -0.0201239     0.026106   -0.0153473   0.00321389  -0.00379793   0.00553064  -0.00427936   0.00225114 -0.000650598 -0.000192531 -0.000434469  0.000352766 -0.000183668 -4.78498e-05 -1.51419e-05  2.63153e-05 -1.07236e-05 -1.70722e-06  8.46325e-06
   0.0149048    -0.197764     0.123413     0.258543     0.317334    -0.213157     0.039587      0.31928    -0.486606     0.482393    -0.349905     0.182012   -0.0534944   -0.0106233    0.0247372    0.0157613  -0.00369894  -0.00323839   0.00481435  -0.00354891    0.0016902    0.0003406  0.000279207 -0.000383953 -0.000253315  9.77444e-05 -5.69569e-07  -2.3596e-05  1.49339e-05  4.39426e-06
  0.00329947     0.129136    -0.175163    -0.306305    -0.272142    0.0431835    -0.219815    -0.291237    0.0963681     0.223991    -0.453929     0.481008    -0.347617     0.171275   -0.0426621    0.0145021   -0.0222506    0.0113659 -0.000789765  -0.00388659   0.00402176   0.00238621 -0.000802846 -9.17081e-05 -0.000353895  0.000277814 -0.000116469  9.32908e-06  2.49343e-05  -9.1758e-06
  0.00187867   -0.0786636     0.211357     0.308065     0.161069      0.14117     0.298326     0.134518     0.173082     -0.28937    0.0871969     0.253085    -0.467111      0.45001    -0.285558    -0.113097    0.0108138    0.0210231   -0.0165094    0.0046292   0.00244776   0.00395911    -0.002715     0.001073  3.28722e-05  0.000319381 -0.000271975  0.000110467 -1.27504e-06 -2.30375e-05
-0.000349786    0.0633969    -0.232852    -0.276429   -0.0316354     -0.25434    -0.217441     0.106036    -0.290153    0.0962442     0.218243    -0.259285   -0.0277403     0.360926    -0.479803    -0.369774     0.180237   -0.0412132   -0.0149808    0.0188784  -0.00732566   0.00123238  -0.00369907    0.0027733   0.00113928 -6.40179e-05 -0.000307173  0.000243786 -8.24809e-05 -1.75756e-05
-0.000302419    -0.042836     0.250194     0.234081   -0.0774979     0.273852    0.0502105    -0.257448     0.166682     0.182774    -0.259653   -0.0408143     0.282891    -0.138023    -0.230001    -0.461527     0.420219     -0.23238    0.0677478   0.00817463   -0.0194209  -0.00864127 -0.000581451   0.00346984    0.0026418  -0.00103692 -3.25081e-06  0.000298842 -0.000201361  2.78575e-05
-0.000408322    0.0330126    -0.259611    -0.178413     0.166965    -0.231536      0.10702     0.251934    0.0612876    -0.274578    0.0119325     0.275743    -0.117216    -0.224285     0.230694     -0.11689     0.425056     -0.44511     0.265612   -0.0848457  -0.00376735   -0.0191352   0.00869176  0.000581837   0.00332089   -0.0023664  0.000788812  0.000115541 -0.000288851  0.000119874
-0.000187181   -0.0251843     0.264593     0.119339    -0.223817     0.141201    -0.217364    -0.139999    -0.220202     0.138171     0.226345     -0.16395     -0.20792     0.214276     0.145237     0.270588    0.0378945    -0.392354     0.454605    -0.280198    0.0900441  -0.00327671    0.0184542  -0.00766628    0.0011235  -0.00316926   0.00196271 -0.000443338 -0.000230012  0.000235645
-0.000113552    0.0189822    -0.265484   -0.0595902     0.250064   -0.0333942     0.251854   -0.0210751     0.249758    0.0738001     -0.23898    -0.115662      0.24194     0.121503    -0.259169    0.0800237     -0.28293    0.0053024     0.375348    -0.455806     0.277259    0.0831696   0.00632016    -0.017354  -0.00567583  -0.00187488   0.00296192  -0.00137768  0.000100933  0.000314048
-2.39542e-05   -0.0152471     0.262781   0.00198412     -0.24829   -0.0706439    -0.216972     0.158906    -0.151678    -0.224276    0.0686154     0.253008    0.0109631    -0.266212   -0.0519942    -0.274391   -0.0416501     0.285342   -0.0156011    -0.378495     0.450513     0.257584   -0.0661696   -0.0115027   -0.0151524   0.00317808   0.00267281  -0.00241361  0.000775145  0.000260178
-2.32515e-06    0.0117397    -0.257457    0.0506794     0.222622     0.155181     0.132456    -0.231504  -0.00618709     0.231212     0.140318    -0.161641    -0.225523    0.0618049     0.265999    -0.011509     0.277669    0.0326832    -0.285812  -0.00564191     0.399775     0.436096    -0.221978    0.0421739   -0.0159822    0.0117621 -0.000376339  -0.00288635   0.00171962 -3.16002e-05
 1.44901e-05  -0.00952173     0.249642   -0.0975276     -0.17962    -0.209703   -0.0240786     0.226332     0.149388    -0.114386    -0.238806   -0.0565717     0.208608     0.192673    -0.100844     0.261596   0.00142325    -0.277352   -0.0529682     0.282414     0.058379     0.432333    -0.406294     0.172097    0.0168556    0.0177409  -0.00705875  -0.00173288   0.00261883 -0.000633883
 1.09476e-05   0.00757438    -0.239964     0.137183     0.124695     0.231572   -0.0813228    -0.154937    -0.225028   -0.0507838       0.1827     0.215807  -0.00194513    -0.227055     -0.17341    -0.111129    -0.261942   -0.0210431     0.271796     0.100657    -0.265366     0.142892    -0.462631     0.354206     0.113777   0.00425927    -0.015284   0.00219874   0.00283834  -0.00152334
 8.69201e-06  -0.00614512     0.228641    -0.169387   -0.0639528    -0.221725     0.164203    0.0463175     0.213673     0.182006   -0.0249035    -0.212425    -0.191985    0.0304045     0.230918     -0.17447     0.095261     0.265639    0.0692801    -0.250673    -0.170047    -0.217368    -0.253102      0.47158     0.277877   -0.0557282   -0.0160736   0.00912394   0.00143909  -0.00250506
 2.94284e-06   0.00500755    -0.216021     0.193875   0.00229099     0.185538    -0.211691    0.0677169    -0.130685    -0.225424    -0.137182    0.0689388     0.221668     0.181852   -0.0302783       0.2251     0.194787   -0.0516143    -0.261861    -0.141506      0.19738    -0.245067     0.119032      0.36989     0.440022    -0.182869   0.00969823     0.016086  -0.00256197  -0.00313867
-1.04933e-08  -0.00407715     0.202338     -0.21077     0.055923    -0.130119     0.219949    -0.158691    0.0103668     0.174071     0.219244     0.109618   -0.0843558    -0.221319    -0.189255  -0.00247856    -0.205013    -0.225749   -0.0219878     0.231562     0.223097     0.095105     0.292311    0.0379925     0.460129    -0.355188    0.0873182    0.0135978   -0.0093837  -0.00270111
-2.65589e-06   0.00336027     -0.18782     0.220433    -0.107382    0.0635767    -0.191772     0.208495     0.106327   -0.0578473    -0.191188    -0.213448    -0.105538    0.0741283     0.212279      -0.2098   -0.0520194     0.159379     0.249517     0.121067    -0.151322     0.279692    0.0554554    -0.265603     0.238126    -0.478101     0.228502   -0.0166483    -0.016732 -0.000271814
-3.51878e-06  -0.00275275     0.172652    -0.223278     0.149634   0.00600133     0.135404    -0.210669    -0.186531   -0.0735856    0.0766829     0.192794      0.21439     0.124365   -0.0383939     0.187213     0.231222     0.128063   -0.0747504    -0.235938    -0.220686   -0.0109218    -0.261989    -0.218083    -0.119709    -0.418824     0.397866   -0.0973871   -0.0170582   0.00487364
-3.91172e-06    0.0022703    -0.157017     0.219962     -0.18118   -0.0716121   -0.0618556     0.169356     0.211769     0.172759    0.0653906   -0.0706419    -0.181774    -0.219249    -0.161151    0.0242806    -0.132428    -0.230297    -0.205606   -0.0495127     0.152956    -0.269692     -0.16395     0.125548    -0.301812    -0.134436     0.494763    -0.238052   0.00483403    0.0122482
-3.62922e-06  -0.00186558     0.141049    -0.211099     0.201261      0.12741   -0.0168889   -0.0968724    -0.180755    -0.209748    -0.173732   -0.0814986     0.040138     0.152713      0.21595     -0.20258    -0.108356    0.0373262     0.177741     0.244563     0.184063  -0.00981908     0.201794     0.284194    -0.106295     0.204481     0.399941    -0.405895    0.0699074    0.0182145
-3.17426e-06   0.00152515    -0.124889     0.197431    -0.209868    -0.169366    0.0898292   0.00948959      0.10622     0.178283     0.208286     0.187412     0.118258    0.0155454   -0.0959996     0.185307      0.22387     0.191972     0.091011   -0.0533875    -0.191587     0.254207     0.196946   0.00355259     0.229336     0.295877    0.0973966    -0.509785     0.193035    0.0133634
-2.69416e-06  -0.00124433     0.108658    -0.179702     0.207572     0.195096    -0.148151    0.0758574  -0.00956838   -0.0938395    -0.162239    -0.201982    -0.204243    -0.166191   -0.0923524  -0.00528665    -0.107136    -0.190175     -0.22949    -0.207443    -0.119096   -0.0229174    -0.171098    -0.271731     0.238694    0.0340742     -0.23019    -0.437241     0.359598   -0.0190205
-2.09952e-06  0.000994374   -0.0924315     0.158593     -0.19531    -0.203743     0.185764    -0.144564   -0.0851466   -0.0144072    0.0592328     0.126501     0.178281     0.206504     0.205313    -0.172279    -0.108916   -0.0227116    0.0746678     0.164849     0.227212    -0.241034    -0.186279   -0.0669344    -0.108323    -0.271386    -0.300726    -0.157496     0.503461   -0.0993984
-1.85611e-06 -0.000787948    0.0763541     -0.13494     0.174583     0.196177    -0.200103     0.186893     0.157681     0.114554     0.060683  0.000177276   -0.0619665    -0.120256     -0.16883     0.201904     0.214446     0.202133     0.163535    0.0985084    0.0126326    0.0853292     0.181363     0.249666    -0.271846    -0.208323    -0.033288     0.183971     0.517326    -0.238642
-1.25592e-06  0.000595824   -0.0604188     0.109261     -0.14673    -0.173892     0.190947    -0.197696    -0.193926    -0.179635    -0.155221    -0.121529    -0.079835   -0.0319433    0.0199357    -0.072992    -0.123924    -0.169119    -0.204018    -0.224785    -0.226076     0.204088     0.156029    0.0771455    0.0241965      0.14905     0.271366     0.321108     0.322305      -0.4155
-1.42378e-06 -0.000433112     0.044815   -0.0824531     0.113782     0.140015     -0.16152     0.178246     0.189886     0.196096     0.196552     0.191011     0.179325       0.1614     0.137301    -0.107179   -0.0713613   -0.0305266    0.0147141    0.0627388     0.112402    -0.160928    -0.205064    -0.242173     0.261123     0.263316     0.221238     0.115603   -0.0292974    -0.559026
-6.31252e-07  0.000276322   -0.0294542    0.0548324   -0.0770738    -0.097219     0.115744    -0.132795    -0.148346    -0.162267    -0.174409    -0.184605    -0.192669    -0.198415    -0.201571     0.201909     0.199076     0.192704     0.182523     0.167654     0.148298    -0.122586   -0.0909249   -0.0518852   0.00137983   -0.0541239    -0.132913    -0.225726    -0.321272    -0.563957
-1.41105e-06 -0.000137692    0.0145626   -0.0272998    0.0387797    0.0496156   -0.0601139    0.0704574    0.0807047    0.0909152     0.101091     0.111279     0.121496     0.131769     0.142144      -0.1526    -0.163219     -0.17398    -0.184886    -0.196153    -0.207378     0.219358     0.231212       0.2437    -0.257447    -0.269592    -0.286697    -0.301878    -0.314287    -0.359027
